Path: /HepData/3364/d1-x1-y1
Location: T 1,F 3
RE : PBAR P --> PBAR P
SQRT(S) : 546.0 GeV
SQRT(S) : 546.0 GeV
x : -T IN GEV**2
y : D(SIG)/D(T) IN MB/GEV**2
xdesc	x	xlow	xhigh	y	dy+	dy-	
	0.46	0.46	0.46	0.2932	+0.0057	-0.0057
	0.48	0.48	0.48	0.2241	+0.0038	-0.0038
	0.5		0.5		0.5		0.1786	+0.0028	-0.0028
	0.52	0.52	0.52	0.1308	+0.0024	-0.0024
	0.54	0.54	0.54	0.1003	+0.0021	-0.0021
	0.56	0.56	0.56	0.0744	+0.001	-0.001
	0.58	0.58	0.58	0.05641	+8.8E-4	-8.8E-4
	0.6		0.6		0.6		0.0417	+7.6E-4	-7.6E-4
	0.62	0.62	0.62	0.03194	+6.6E-4	-6.6E-4
	0.64	0.64	0.64	0.02211	+5.5E-4	-5.5E-4
	0.66	0.66	0.66	0.01792	+5.0E-4	-5.0E-4
	0.68	0.68	0.68	0.01267	+4.2E-4	-4.2E-4
	0.7		0.7		0.7		0.00955	+3.7E-4	-3.7E-4
	0.73	0.73	0.73	0.00626	+2.1E-4	-2.1E-4
	0.77	0.77	0.77	0.00371	+1.6E-4	-1.6E-4
	0.81	0.81	0.81	0.00247	+1.4E-4	-1.4E-4
	0.85	0.85	0.85	0.00176	+1.2E-4	-1.2E-4
	0.89	0.89	0.89	0.00139	+1.1E-4	-1.1E-4
	0.93	0.93	0.93	0.0015	+1.2E-4	-1.2E-4
	0.97	0.97	0.97	0.00144	+1.2E-4	-1.2E-4
	1.01	1.01	1.01	0.00126	+1.2E-4	-1.2E-4
	1.05	1.05	1.05	0.00117	+1.1E-4	-1.1E-4
	1.09	1.09	1.09	0.00135	+1.2E-4	-1.2E-4
	1.13	1.13	1.13	0.00119	+1.2E-4	-1.2E-4
	1.17	1.17	1.17	0.00127	+1.2E-4	-1.2E-4
	1.21	1.21	1.21	8.7E-4	+1.0E-4	-1.0E-4
	1.25	1.25	1.25	0.00117	+1.2E-4	-1.2E-4
	1.29	1.29	1.29	0.00104	+1.1E-4	-1.1E-4
	1.33	1.33	1.33	8.4E-4	+1.0E-4	-1.0E-4
	1.37	1.37	1.37	9.39E-4	+1.1E-4	-1.1E-4
	1.41	1.41	1.41	9.51E-4	+1.1E-4	-1.1E-4
	1.45	1.45	1.45	6.9E-4	+9.5E-5	-9.5E-5
	1.49	1.49	1.49	5.4E-4	+8.4E-5	-8.4E-5
	1.53	1.53	1.53	5.06E-4	+8.2E-5	-8.2E-5

